<?xml version="1.0"?>
<opencv_storage>
<reprojError>1.0062027336347050e+00</reprojError>
<R type_id="opencv-matrix">
  <rows>3</rows>
  <cols>3</cols>
  <dt>d</dt>
  <data>
    9.9985597289692463e-01 -9.1361508988874567e-03
    1.4302594488313910e-02 8.8361997236411395e-03 9.9974259871839344e-01
    2.0896360502183516e-02 -1.4489825284947839e-02
    -2.0766970278450560e-02 9.9967933754212679e-01</data></R>
<Euler_R type_id="opencv-matrix">
  <rows>3</rows>
  <cols>1</cols>
  <dt>d</dt>
  <data>
    -1.1974829193919925e+00 8.1950624216142465e-01
    5.2352372128731817e-01</data></Euler_R>
<T type_id="opencv-matrix">
  <rows>3</rows>
  <cols>1</cols>
  <dt>d</dt>
  <data>
    9.7449679488775004e-02 2.3286691340385066e-02 9.6305199003469226e-03</data></T>
<F type_id="opencv-matrix">
  <rows>3</rows>
  <cols>3</cols>
  <dt>d</dt>
  <data>
    2.3109247134541506e-07 5.5426053429834791e-06
    -9.8607185239294841e-03 -6.1065837125697511e-06
    -1.0729606153787323e-06 3.7781092466801065e-02
    9.5556846058294613e-03 -3.7555323038890240e-02 1.</data></F>
<R1 type_id="opencv-matrix">
  <rows>3</rows>
  <cols>3</cols>
  <dt>d</dt>
  <data>
    9.6867250586601272e-01 2.2045954049825969e-01 1.1432920616603579e-01
    -2.2151891413672417e-01 9.7514974268447208e-01
    -3.5142598217002170e-03 -1.1226284807961327e-01
    -2.1921914736263336e-02 9.9343670286302066e-01</data></R1>
<Euler_R1 type_id="opencv-matrix">
  <rows>3</rows>
  <cols>1</cols>
  <dt>d</dt>
  <data>
    2.0268167607611151e-01 6.5649362109476854e+00
    -1.2821514703641521e+01</data></Euler_R1>
<R2 type_id="opencv-matrix">
  <rows>3</rows>
  <cols>3</cols>
  <dt>d</dt>
  <data>
    9.6815404341603628e-01 2.3135124196659801e-01 9.5678372988322366e-02
    -2.3044638764057673e-01 9.7286791728293820e-01
    -2.0554268290721212e-02 -9.7837674954942319e-02
    -2.1490374753668773e-03 9.9520006581457809e-01</data></R2>
<Euler_R2 type_id="opencv-matrix">
  <rows>3</rows>
  <cols>1</cols>
  <dt>d</dt>
  <data>
    1.1831846246321676e+00 5.4903655818875743e+00
    -1.3439442183454199e+01</data></Euler_R2>
<P1 type_id="opencv-matrix">
  <rows>3</rows>
  <cols>4</cols>
  <dt>d</dt>
  <data>
    5.1233172490376103e+02 0. 2.0274613952636719e+02 0. 0.
    5.1233172490376103e+02 2.5543678283691406e+02 0. 0. 0. 1. 0.</data></P1>
<P2 type_id="opencv-matrix">
  <rows>3</rows>
  <cols>4</cols>
  <dt>d</dt>
  <data>
    5.1233172490376103e+02 0. 2.0274613952636719e+02
    5.1568820812483310e+01 0. 5.1233172490376103e+02
    2.5543678283691406e+02 0. 0. 0. 1. 0.</data></P2>
<Q type_id="opencv-matrix">
  <rows>4</rows>
  <cols>4</cols>
  <dt>d</dt>
  <data>
    1. 0. 0. -2.0274613952636719e+02 0. 1. 0. -2.5543678283691406e+02 0.
    0. 0. 5.1233172490376103e+02 0. 0. -9.9349125466087909e+00 0.</data></Q>
</opencv_storage>
