<?xml version="1.0"?>
<opencv_storage>
<reprojError>1.2535524337151789e+00</reprojError>
<R type_id="opencv-matrix">
  <rows>3</rows>
  <cols>3</cols>
  <dt>d</dt>
  <data>
    9.9928071697227550e-01 -3.5015335468035605e-02
    -1.4559360200086954e-02 3.3636303251644156e-02
    9.9571976706700005e-01 -8.6085681594574692e-02
    1.7511361767103682e-02 8.5534038570033583e-02 9.9618134918043988e-01</data></R>
<Euler_R type_id="opencv-matrix">
  <rows>3</rows>
  <cols>1</cols>
  <dt>d</dt>
  <data>
    4.9389834961349282e+00 -8.3421936591677870e-01
    2.0068539311041911e+00</data></Euler_R>
<T type_id="opencv-matrix">
  <rows>3</rows>
  <cols>1</cols>
  <dt>d</dt>
  <data>
    1.4108550891041344e-01 1.0476346380950149e-02 2.3932252281988430e-02</data></T>
<F type_id="opencv-matrix">
  <rows>3</rows>
  <cols>3</cols>
  <dt>d</dt>
  <data>
    6.9313652249748395e-08 2.5585032591488328e-06
    -1.5499341295410205e-03 -2.3805997004679526e-06
    1.4332102907227850e-06 1.0551080181773633e-02 9.3608182545289664e-04
    -1.1336726454754736e-02 1.</data></F>
<R1 type_id="opencv-matrix">
  <rows>3</rows>
  <cols>3</cols>
  <dt>d</dt>
  <data>
    9.8795410474948508e-01 5.2538099026155617e-02 1.4555560813435359e-01
    -4.6079208736418444e-02 9.9781267809714747e-01
    -4.7397953023564879e-02 -1.4772742951418744e-01
    4.0119914996374982e-02 9.8821404512879418e-01</data></R1>
<Euler_R1 type_id="opencv-matrix">
  <rows>3</rows>
  <cols>1</cols>
  <dt>d</dt>
  <data>
    2.7459871492805248e+00 8.3694545419425310e+00
    -3.0440468137673351e+00</data></Euler_R1>
<R2 type_id="opencv-matrix">
  <rows>3</rows>
  <cols>3</cols>
  <dt>d</dt>
  <data>
    9.8328465043954372e-01 7.3014093854367884e-02 1.6679399961812200e-01
    -8.0294726530656349e-02 9.9607215826495854e-01
    3.7323081608496740e-02 -1.6341374820177046e-01
    -5.0091891839028777e-02 9.8528511065104163e-01</data></R2>
<Euler_R2 type_id="opencv-matrix">
  <rows>3</rows>
  <cols>1</cols>
  <dt>d</dt>
  <data>
    -2.1693549062614776e+00 9.6014674377845566e+00
    -4.2467213137229534e+00</data></Euler_R2>
<P1 type_id="opencv-matrix">
  <rows>3</rows>
  <cols>4</cols>
  <dt>d</dt>
  <data>
    5.1232481771197854e+02 0. 1.9302452087402344e+02 0. 0.
    5.1232481771197854e+02 2.4479915428161621e+02 0. 0. 0. 1. 0.</data></P1>
<P2 type_id="opencv-matrix">
  <rows>3</rows>
  <cols>4</cols>
  <dt>d</dt>
  <data>
    5.1232481771197854e+02 0. 1.9302452087402344e+02
    7.3510358981011521e+01 0. 5.1232481771197854e+02
    2.4479915428161621e+02 0. 0. 0. 1. 0.</data></P2>
<Q type_id="opencv-matrix">
  <rows>4</rows>
  <cols>4</cols>
  <dt>d</dt>
  <data>
    1. 0. 0. -1.9302452087402344e+02 0. 1. 0. -2.4479915428161621e+02 0.
    0. 0. 5.1232481771197854e+02 0. 0. -6.9694234229534544e+00 0.</data></Q>
</opencv_storage>
