<?xml version="1.0"?>
<opencv_storage>
<cameraMatrix1 type_id="opencv-matrix">
  <rows>3</rows>
  <cols>3</cols>
  <dt>d</dt>
  <data>
    6.4681016093144387e+02 0. 3.2963818817090532e+02 0.
    6.4657232935779393e+02 2.4455028147872065e+02 0. 0. 1.</data></cameraMatrix1>
<distCoeffs1 type_id="opencv-matrix">
  <rows>14</rows>
  <cols>1</cols>
  <dt>d</dt>
  <data>
    -1.0777981717872259e-01 -3.2548695354409823e-01 0. 0.
    4.1905651541878628e+00 0. 0. 2.9144782240932852e+00 0. 0. 0. 0. 0.
    0.</data></distCoeffs1>
<cameraMatrix2 type_id="opencv-matrix">
  <rows>3</rows>
  <cols>3</cols>
  <dt>d</dt>
  <data>
    6.4939017296726422e+02 0. 3.1486865066335702e+02 0.
    6.5235731617807073e+02 2.2827544545991438e+02 0. 0. 1.</data></cameraMatrix2>
<distCoeffs2 type_id="opencv-matrix">
  <rows>14</rows>
  <cols>1</cols>
  <dt>d</dt>
  <data>
    2.4531854702261094e-01 -2.6664029189706420e+00 0. 0.
    2.6274662376767846e+00 0. 0. -5.1579267164670037e+00 0. 0. 0. 0. 0.
    0.</data></distCoeffs2>
</opencv_storage>
