<?xml version="1.0"?>
<opencv_storage>
<reprojError>6.4073814891344560e-01</reprojError>
<R type_id="opencv-matrix">
  <rows>3</rows>
  <cols>3</cols>
  <dt>d</dt>
  <data>
    9.9990189700459386e-01 -5.4676093474128242e-03
    -1.2895798332734323e-02 4.6911989449758551e-03
    9.9821807826578279e-01 -5.9486644516448070e-02
    1.3198068763009489e-02 5.9420311942901205e-02 9.9814579972543849e-01</data></R>
<Euler_R type_id="opencv-matrix">
  <rows>3</rows>
  <cols>1</cols>
  <dt>d</dt>
  <data>
    3.4106309760076763e+00 -7.3889529879613147e-01
    3.1329855288393804e-01</data></Euler_R>
<T type_id="opencv-matrix">
  <rows>3</rows>
  <cols>1</cols>
  <dt>d</dt>
  <data>
    9.3404992406333417e-02 2.3924837142791377e-02 1.8373035811645667e-02</data></T>
<F type_id="opencv-matrix">
  <rows>3</rows>
  <cols>3</cols>
  <dt>d</dt>
  <data>
    -6.9873958608979182e-08 5.1651445196960579e-06
    -6.1324684223284598e-03 -5.2293869162290265e-06
    1.7293790931312321e-06 1.9599576509052679e-02 5.9794276646990534e-03
    -2.0803202740757747e-02 1.</data></F>
<R1 type_id="opencv-matrix">
  <rows>3</rows>
  <cols>3</cols>
  <dt>d</dt>
  <data>
    9.5512492434483642e-01 2.4922994058561504e-01 1.6006503556667595e-01
    -2.4446151436218275e-01 9.6841285694272894e-01
    -4.9143733107792853e-02 -1.6725712807237472e-01
    7.8086633755372371e-03 9.8588238542194717e-01</data></R1>
<Euler_R1 type_id="opencv-matrix">
  <rows>3</rows>
  <cols>1</cols>
  <dt>d</dt>
  <data>
    2.8536870763670157e+00 9.2106711369172807e+00
    -1.4624632342708368e+01</data></Euler_R1>
<R2 type_id="opencv-matrix">
  <rows>3</rows>
  <cols>3</cols>
  <dt>d</dt>
  <data>
    9.5160436535718040e-01 2.4374478150480708e-01 1.8718336817765560e-01
    -2.4909868747266128e-01 9.6846379920857872e-01
    5.2643633882195791e-03 -1.7999715479016704e-01
    -5.1636722510822193e-02 9.8231088416844137e-01</data></R2>
<Euler_R2 type_id="opencv-matrix">
  <rows>3</rows>
  <cols>1</cols>
  <dt>d</dt>
  <data>
    -3.0705443791003678e-01 1.0788454216586281e+01
    -1.4366911767977852e+01</data></Euler_R2>
<P1 type_id="opencv-matrix">
  <rows>3</rows>
  <cols>4</cols>
  <dt>d</dt>
  <data>
    4.2807015947882184e+02 0. 1.9939108467102051e+02 0. 0.
    4.2807015947882184e+02 2.6367410373687744e+02 0. 0. 0. 1. 0.</data></P1>
<P2 type_id="opencv-matrix">
  <rows>3</rows>
  <cols>4</cols>
  <dt>d</dt>
  <data>
    4.2807015947882184e+02 0. 1.9939108467102051e+02
    4.2017346127336758e+01 0. 4.2807015947882184e+02
    2.6367410373687744e+02 0. 0. 0. 1. 0.</data></P2>
<Q type_id="opencv-matrix">
  <rows>4</rows>
  <cols>4</cols>
  <dt>d</dt>
  <data>
    1. 0. 0. -1.9939108467102051e+02 0. 1. 0. -2.6367410373687744e+02 0.
    0. 0. 4.2807015947882184e+02 0. 0. -1.0187939004560704e+01 0.</data></Q>
</opencv_storage>
