<?xml version="1.0"?>
<opencv_storage>
<cameraMatrix1 type_id="opencv-matrix">
  <rows>3</rows>
  <cols>3</cols>
  <dt>d</dt>
  <data>
    6.4049264951418752e+02 0. 3.3732648514650958e+02 0.
    6.3855467600667737e+02 2.4928064391313308e+02 0. 0. 1.</data></cameraMatrix1>
<distCoeffs1 type_id="opencv-matrix">
  <rows>5</rows>
  <cols>1</cols>
  <dt>d</dt>
  <data>
    -3.4297497795383262e-02 -4.5814723538503221e-01
    5.6501787054912085e-03 5.7651666773654601e-03 9.9915970103908014e-01</data></distCoeffs1>
<cameraMatrix2 type_id="opencv-matrix">
  <rows>3</rows>
  <cols>3</cols>
  <dt>d</dt>
  <data>
    6.5427841818721447e+02 0. 3.3492659575049652e+02 0.
    6.5265531150376728e+02 2.4463958451926212e+02 0. 0. 1.</data></cameraMatrix2>
<distCoeffs2 type_id="opencv-matrix">
  <rows>5</rows>
  <cols>1</cols>
  <dt>d</dt>
  <data>
    1.6925637769853774e-01 -2.1963922560480964e+00
    9.5793488715893004e-03 5.6699211031493411e-03 7.8015648422448889e+00</data></distCoeffs2>
</opencv_storage>
