<?xml version="1.0"?>
<opencv_storage>
<calibration_time>"Tue 07 Nov 2017 01:08:29 PM GMT"</calibration_time>
<nr_of_frames>50</nr_of_frames>
<image_width>640</image_width>
<image_height>480</image_height>
<board_width>9</board_width>
<board_height>6</board_height>
<square_size>2.5779999792575836e-02</square_size>
<fix_aspect_ratio>1.</fix_aspect_ratio>
<!-- flags: +fix_aspectRatio +fix_principal_point +zero_tangent_dist +fix_k4 +fix_k5 -->
<flags>6158</flags>
<fisheye_model>0</fisheye_model>
<camera_matrix type_id="opencv-matrix">
  <rows>3</rows>
  <cols>3</cols>
  <dt>d</dt>
  <data>
    6.4540212560755560e+02 0. 320. 0. 6.4540212560755560e+02 240. 0. 0.
    1.</data></camera_matrix>
<distortion_coefficients type_id="opencv-matrix">
  <rows>5</rows>
  <cols>1</cols>
  <dt>d</dt>
  <data>
    -3.2924830757039537e-02 -3.1042894759799350e-01 0. 0.
    8.0018700981956081e-01</data></distortion_coefficients>
<avg_reprojection_error>8.6048936207179882e-01</avg_reprojection_error>
<per_view_reprojection_errors type_id="opencv-matrix">
  <rows>50</rows>
  <cols>1</cols>
  <dt>f</dt>
  <data>
    5.43093443e-01 5.47526121e-01 6.05385900e-01 6.12528563e-01
    1.18369913e+00 2.66802430e-01 2.95238543e+00 8.06646645e-01
    8.23387682e-01 7.22448647e-01 7.15132654e-01 7.48247981e-01
    5.45815170e-01 6.32342279e-01 5.11006534e-01 6.23508453e-01
    1.64427847e-01 5.15893757e-01 4.46110040e-01 3.03052068e-01
    3.86748821e-01 6.71138287e-01 8.07536423e-01 2.13677740e+00
    8.33154619e-01 5.35672665e-01 6.80807889e-01 7.53308356e-01
    1.04640555e+00 7.89674163e-01 4.45988119e-01 1.09941411e+00
    2.35432655e-01 4.56353247e-01 5.73718727e-01 7.10247278e-01
    6.02214754e-01 6.07126415e-01 5.85343182e-01 6.35036469e-01
    6.79088771e-01 3.48961830e-01 4.24979299e-01 5.23327827e-01
    5.24638832e-01 3.06491613e-01 2.24285054e+00 3.99268597e-01
    4.61811781e-01 5.50383866e-01</data></per_view_reprojection_errors>
<!-- a set of 6-tuples (rotation vector + translation vector) for each view -->
<extrinsic_parameters type_id="opencv-matrix">
  <rows>50</rows>
  <cols>6</cols>
  <dt>d</dt>
  <data>
    4.1179275728886150e-01 7.7118477216003589e-01 2.9916233651288748e+00
    1.3046437909070591e-01 1.0677561712148609e-01 4.1385458398564018e-01
    5.1728866874221369e-01 7.3224913252051460e-01 2.9579669576483218e+00
    1.3043946390550976e-01 1.1579553784091433e-01 4.0263788506833936e-01
    -2.4176518390508356e-01 7.4816812700150237e-01
    2.7038329642190719e+00 1.3085234198900653e-01 5.6200431595329510e-02
    4.5787894126095730e-01 -3.6619818057112435e-01
    5.9207241535816013e-01 2.0709625431282883e+00 7.5081689800399323e-02
    -2.7223953378407630e-02 4.8763192464016447e-01
    -4.0946623126174236e-01 5.1080717329577585e-01
    1.6681693673413831e+00 5.5795924315457095e-02
    -4.5925600913601462e-02 4.8511512498668313e-01
    4.5618345930256198e-03 -1.6061558871504792e-02
    1.5344730440162306e+00 6.9097650904156134e-03
    -1.1568163324455885e-01 4.4701181889981179e-01
    -7.9736272031332145e-01 9.6421969168488586e-01
    1.4522802431435362e+00 3.8043690642756520e-02
    -5.5806251767768558e-03 5.9332155444752410e-01
    -1.1625627313446228e-01 1.0884622729644367e+00
    2.1819132837040791e+00 1.2827758076806914e-01
    -1.5795235229273216e-02 4.6851490087643477e-01
    1.0602575568729988e+00 6.8478822588118948e-01 2.3615215397177889e+00
    1.0198103329103808e-01 -2.5412386583108242e-03
    2.9861663536216104e-01 -2.9146672218016167e-01
    9.5688650678257714e-01 2.8737387260236309e+00 8.5615168388022481e-02
    8.3257757978764890e-02 4.2428321372276728e-01 6.7301027279410430e-01
    -9.1165549380150757e-01 -2.8885230944442561e+00
    4.7879312923886072e-02 1.1860115457090975e-01 4.4591177576008034e-01
    -5.3291620002965578e-01 7.9605818818330687e-01
    2.6321370778690900e+00 8.4343137444762586e-02 5.5736936056063259e-02
    4.4554640331498235e-01 -2.1227721084588125e-01
    -4.9606296116266901e-01 -2.4937872744233340e+00
    7.2767735230344346e-03 1.1608343053491847e-01 3.2079433405765451e-01
    -4.3659057225689279e-01 -6.3435402998122348e-01
    -2.9991670627227038e+00 1.3054789113501566e-01
    1.0282369055067074e-01 3.7032635439423656e-01 1.4270577786685773e-01
    6.7763165774008560e-01 2.9658717544862494e+00 7.3739661412049157e-02
    1.5138823027983078e-01 5.6135798644010415e-01 1.2524187392412928e-01
    1.4226731221587123e+00 2.6467432382648584e+00 3.4431847987081564e-02
    1.3152340826456602e-01 5.7347413597575281e-01 1.5604771097772391e-01
    3.3581275419037875e-02 2.9830936738125691e+00 9.2281752108138701e-02
    1.2056208528021137e-01 6.1281416187590376e-01 6.7596241609053664e-01
    4.8042110110289010e-01 2.7995559439696298e+00 1.8916071220109640e-01
    1.4162701499912178e-01 5.3887216801137705e-01 8.4088462609850492e-02
    8.1212971073549400e-01 2.9412712779971106e+00 1.5621112242216292e-01
    1.3435430470402301e-01 5.7206626019696405e-01
    -1.1561993945171431e-01 -1.4281606653827744e-01
    3.0630905587200061e+00 1.4934470312349471e-01 1.1980375098559340e-01
    5.5123269619741466e-01 -4.1336916652873340e-01
    4.6770579556923186e-01 1.4299970728343743e+00 7.5437978281453849e-02
    -2.4622670283818600e-02 5.9337172713457675e-01
    -5.9134877978194855e-01 4.8744299991558687e-01
    9.3845745864695052e-01 -6.9970104351968390e-02
    -5.3616033704760944e-02 6.1566783895288957e-01
    -9.0815658701488933e-01 3.0004903045454273e-01
    4.1014000610187684e-01 -1.3574272597342121e-01
    -3.8229536233879390e-02 5.7637260788239197e-01
    -1.0601644549503013e+00 1.4386014111811607e-01
    -3.0795172347052102e-01 -1.8865728125252915e-01
    1.1952613924885433e-02 5.0450798209713799e-01
    -6.9368346441149142e-01 5.0892647523343860e-02
    -9.3313656794672650e-01 -1.3491552573375407e-01
    8.5494977620532431e-02 4.5173198475832688e-01
    -3.9594536709054884e-01 -1.3344475650064216e-01
    -1.2600212481789819e+00 -1.4579526536829887e-01
    9.7516228289363127e-02 4.4312853885729397e-01
    -5.4889278437485445e-01 -5.9326475656720956e-01
    -2.2062750130358375e+00 -2.8183991121953005e-02
    1.3162183799096214e-01 3.8601375827622286e-01
    -3.9145672045873037e-01 -6.6739447091565762e-01
    -2.1457693675273468e+00 8.3127818283621813e-02
    9.0967293299693122e-02 3.9974198935212407e-01
    -5.2387310077147853e-01 -4.2155334699506769e-01
    -1.8898971330236896e+00 -5.3156572716147911e-02
    1.2534607578762363e-01 4.0459948648800148e-01
    -6.4908740048624602e-01 3.1526057526598156e-01
    -1.0550172844327679e+00 -1.4184857507457360e-01
    1.0244988953659522e-01 5.3001515411005973e-01
    -1.2055518293369223e-01 3.4413231049508852e-01
    -1.3462882114466890e+00 -9.4112358589723957e-02
    1.2679435345481926e-01 4.7662829023617609e-01
    -5.9406132355004004e-01 -2.2765572921873717e-01
    -1.5548045905781254e+00 -1.1695183294090966e-01
    6.7476141741346099e-02 2.8951227202474272e-01
    -6.3407807097941149e-01 -9.6897469392542526e-02
    -1.5898264581582893e+00 1.0772816525498233e-01
    2.5207452994646024e-01 7.0068556422407746e-01
    -4.7060700102620334e-01 5.4485579760902758e-01
    -8.3835256419039661e-02 9.1446991989370577e-02
    1.1372059911376303e-01 6.9552492088944817e-01
    -7.4537438020306857e-01 1.6328901793317160e-01
    -1.0763765992097336e-01 5.5823293681151083e-02
    7.1282142835340956e-02 6.4861255997706690e-01
    -8.2488912175337403e-01 -2.7548799084614500e-01
    -5.3154447069598640e-02 -5.4657899082552468e-02
    7.3201298274358409e-02 6.3654272395124090e-01
    -6.8208196142026678e-01 -6.5803037760495869e-02
    -2.5755583996782838e-01 -3.4204069054689056e-02
    5.4862925507538879e-02 5.3828810058392196e-01
    -6.7413620821431053e-01 -2.3726482422669876e-01
    -5.4639444474756138e-01 -6.1232352620397633e-02
    2.0272273706276916e-02 5.2272432576350292e-01
    -5.6592397358707269e-01 -3.8945780124340118e-01
    -1.1094506873832723e+00 -7.6367847947894044e-02
