<?xml version="1.0"?>
<opencv_storage>
<calibration_time>"Tue 07 Nov 2017 01:20:07 PM GMT"</calibration_time>
<nr_of_frames>50</nr_of_frames>
<image_width>640</image_width>
<image_height>480</image_height>
<board_width>9</board_width>
<board_height>6</board_height>
<square_size>2.5779999792575836e-02</square_size>
<fix_aspect_ratio>1.</fix_aspect_ratio>
<!-- flags: +fix_aspectRatio +fix_principal_point +zero_tangent_dist +fix_k4 +fix_k5 -->
<flags>6158</flags>
<fisheye_model>0</fisheye_model>
<camera_matrix type_id="opencv-matrix">
  <rows>3</rows>
  <cols>3</cols>
  <dt>d</dt>
  <data>
    6.5094121859758411e+02 0. 320. 0. 6.5094121859758411e+02 240. 0. 0.
    1.</data></camera_matrix>
<distortion_coefficients type_id="opencv-matrix">
  <rows>5</rows>
  <cols>1</cols>
  <dt>d</dt>
  <data>
    1.7314590994538620e-01 -1.4046010439198890e+00 0. 0.
    2.6274662376767846e+00</data></distortion_coefficients>
<avg_reprojection_error>6.2121342256095835e-01</avg_reprojection_error>
<per_view_reprojection_errors type_id="opencv-matrix">
  <rows>50</rows>
  <cols>1</cols>
  <dt>f</dt>
  <data>
    4.03946519e-01 2.58543462e-01 3.09380203e-01 4.82096940e-01
    3.94296110e-01 5.12349069e-01 4.83105034e-01 5.94380140e-01
    4.02431220e-01 5.40872335e-01 7.56033003e-01 5.22225082e-01
    1.47080064e+00 5.79113722e-01 4.16710019e-01 3.94706309e-01
    3.91651988e-01 6.60645664e-01 5.88940084e-01 3.94413978e-01
    6.68087125e-01 5.78502119e-01 5.79144537e-01 6.51614308e-01
    7.54455388e-01 5.20268738e-01 3.34458321e-01 6.53893709e-01
    4.63336468e-01 3.16179156e-01 3.81878644e-01 7.10145712e-01
    2.67944962e-01 6.97009981e-01 5.16564012e-01 7.70009160e-01
    1.07472730e+00 1.18139744e+00 1.00340116e+00 7.45659351e-01
    7.17308879e-01 7.22916067e-01 6.34575307e-01 5.43308675e-01
    5.03271282e-01 5.48932433e-01 5.29920399e-01 3.70588452e-01
    4.62960511e-01 4.18598920e-01</data></per_view_reprojection_errors>
<!-- a set of 6-tuples (rotation vector + translation vector) for each view -->
<extrinsic_parameters type_id="opencv-matrix">
  <rows>50</rows>
  <cols>6</cols>
  <dt>d</dt>
  <data>
    -4.8738026503719523e-01 -3.3655857817781559e-01
    -1.5043245626765693e+00 -1.4549451928354151e-01
    1.5686859297743255e-01 5.2810896201243429e-01
    -1.9222772194264817e-01 -3.3618195067485512e-01
    -2.1577606131925671e+00 -7.2309452648832817e-02
    1.5823796361942138e-01 5.4721544512061526e-01
    -1.3621627967719463e-01 -4.6602178886788098e-01
    -2.5639237076242840e+00 -3.3149951678134698e-02
    1.4219610550250320e-01 5.4130258071231474e-01
    -7.6197965703874848e-01 -1.6414215649737252e-01
    -2.5658739021284505e+00 -3.5541519418969575e-02
    1.5507712666229642e-01 5.4438963455750022e-01
    -3.0108800610399211e-01 -5.4897478065004113e-01
    -2.9022796488261569e+00 2.5277534524509402e-03
    1.1740516856184963e-01 5.4515465421871279e-01 4.0150418254418752e-01
    5.9881109699920965e-01 2.8345228974763161e+00 2.6606646606953378e-02
    8.4994359717511292e-02 4.7568564177132705e-01
    -7.6652993093509272e-03 3.9808864146416501e-01
    2.4991940819974756e+00 4.1522388255332082e-02 3.9116561815535786e-02
    5.0492573931189133e-01 -3.4852982831628904e-01
    6.7951985207157795e-01 1.9626297781064412e+00 4.4762794870979131e-02
    -3.8286449677277429e-02 5.4399960205507425e-01
    -4.0954497059239425e-01 4.3651032256453720e-01
    1.6390344248285620e+00 9.9326936122148234e-03
    -5.6643416323252607e-02 5.7375279176280813e-01
    -4.9002962557139051e-01 9.4402613013152545e-02
    -6.6650122695721015e-02 -2.3305171656308221e-01
    1.4780518702252794e-02 5.5286999558992544e-01
    -3.9646053551647936e-01 6.9550973924613113e-01
    -3.1736227941928118e-02 -1.6708841859590084e-01
    1.2061196166672542e-02 6.3356627650503305e-01
    -5.3188120638092218e-01 -3.1876293937139427e-01
    -4.7747657502457047e-02 -2.2095871031620271e-01
    -2.6952989845401832e-02 4.9293163467023149e-01
    -4.8149617493987951e-01 -4.3421291786461751e-02
    9.5224322533813244e-01 -5.3232672592800845e-02
    -1.5472077489057653e-01 5.5651533051665847e-01
    -3.3568055775279643e-01 2.7875445548045991e-01
    1.5939301310925533e+00 -3.9305754224694227e-02
    -1.7446713039178480e-01 6.5938644710050087e-01
    -2.0042567724382079e-01 5.4583132875883111e-01
    2.5136041488514635e+00 1.6724799328775550e-01
    -3.9204662809991679e-02 6.0606451469691980e-01
    -2.8788718600770929e-01 4.9485761726699229e-01
    2.5521190041071131e+00 2.6870932075671394e-01
    -2.9831062756466260e-02 6.4385393947670688e-01
    -4.3898992772781156e-02 5.2991935536756984e-01
    2.4706915892843559e+00 2.9605660994834543e-01
    -3.0009775789657054e-02 6.1260011157123462e-01
    -2.8737894882958920e-01 4.9278156081128366e-01
    4.4029178298634619e-01 -2.6805220524136736e-01
    -6.1775902840405850e-02 7.1141144988057570e-01
    -2.7048788412282110e-01 5.1018098388835686e-01
    4.1034971270250981e-01 -2.5215019285095625e-01
    -6.8262798855538931e-02 7.2498756993749525e-01
    -3.5352263484140245e-01 3.5696794023605599e-01
    4.9618722554523381e-01 -1.3855831930456625e-01
    -8.2603886366132154e-02 7.1189146064492981e-01
    -4.1104748266985619e-01 4.0717861056349280e-01
    1.2078658650248690e+00 -7.3045826301556581e-03
    -6.3849317764149482e-02 6.6251008787204102e-01
    9.2231004931848853e-02 -9.4793928167760999e-01
    -2.9589796425993975e+00 7.5998820548571239e-02
    1.6631216775692201e-01 4.7384952965123045e-01 9.0368781740204562e-01
    -9.0318160291911076e-01 -2.7654661721155769e+00
    5.0311171768788514e-02 1.6749658420573119e-01 5.6677577379068900e-01
    1.1724674290937767e+00 -8.7777069915870753e-01
    -2.6738992666395882e+00 3.5380843909533000e-02
    1.7697164960861497e-01 5.7353442328976645e-01 1.3306080500389870e+00
    4.1424904250733069e-01 2.5475391941931571e+00 6.0320770649565557e-02
    7.4203606926342591e-02 3.9805846418254326e-01 9.3662572103119712e-01
    3.9579041161135431e-01 2.7829273143297200e+00 1.0316770784824486e-01
    9.5977741714353373e-02 4.2626355598340143e-01 3.8412344110304808e-01
    5.1785098459615864e-01 2.9652680925476034e+00 1.2847483199486676e-01
    1.0994736298375586e-01 4.8063842787313205e-01 1.3885601102901338e-01
    1.5428709406814773e+00 2.7007295607116686e+00 1.4288236108788774e-01
    1.2241168640656994e-01 5.2130801787718928e-01 6.5737518882203541e-02
    3.9708713855808231e-01 3.0290065639958295e+00 1.0524133312380964e-01
    1.5200428837192761e-02 6.2407160799581840e-01 1.8925618504073892e-02
    9.1657799343505597e-02 3.0946614122821350e+00 8.3413147164199231e-02
    3.1407392460902780e-03 6.6112734825257058e-01
    -3.5029405608607944e-01 -5.8312466462870849e-01
    -2.5168895190190659e+00 6.0841239748658647e-02
    8.1763097748654173e-02 5.8200776112309549e-01
    -1.4691595139459124e-01 -7.4586629162664897e-01
    -2.4215713210172312e+00 2.3381802824092615e-01
    3.0521151443562433e-02 6.5750853608157089e-01
    -2.9942798213872313e-01 -3.7095657812942739e-01
    -2.5775074333243100e+00 2.5163927196397862e-01
    4.0244204835145909e-02 6.5727758210801457e-01
    -4.6702656117472113e-01 -3.2411679958200640e-01
    -3.0879696834904879e+00 5.9027932834001290e-02
    -2.5628538335338329e-02 6.1955392038248802e-01
    -8.0383111734956103e-02 9.6143277097126167e-01
    2.9373769584316078e+00 -6.0942905045983965e-02
    1.1581322854226965e-02 6.1354715538672044e-01 6.3045585923850817e-02
    6.9006884953729575e-01 2.9513142858990022e+00 6.9598742742020547e-02
    4.4748634235053250e-02 3.0085870462124442e-01
    -4.7030100451852569e-01 5.6512656373299297e-01
    2.0970577072885570e+00 7.0936815076261428e-02
    -6.6424517241848141e-02 4.1274449665883089e-01
    -4.4995174210672517e-01 5.4074516790318761e-01
    1.5051230016493302e+00 -1.8933928932797044e-02
    -1.0704070147069959e-01 4.3247114141932574e-01
    -5.3963929206540129e-01 4.6207856099446493e-01
    1.2976534130484336e+00 -5.9349747743873693e-02
